# Rotation Axis: Z
# Radius: 3.0, Height Offset: 2.0
frame_1: 3.000000,0.000000,2.000000
frame_2: 2.954423,0.520945,2.000000
frame_3: 2.819078,1.026060,2.000000
frame_4: 2.598076,1.500000,2.000000
frame_5: 2.298133,1.928363,2.000000
frame_6: 1.928363,2.298133,2.000000
frame_7: 1.500000,2.598076,2.000000
frame_8: 1.026060,2.819078,2.000000
frame_9: 0.520945,2.954423,2.000000
frame_10: 0.000000,3.000000,2.000000
frame_11: -0.520945,2.954423,2.000000
frame_12: -1.026060,2.819078,2.000000
frame_13: -1.500000,2.598076,2.000000
frame_14: -1.928363,2.298133,2.000000
frame_15: -2.298133,1.928363,2.000000
frame_16: -2.598076,1.500000,2.000000
frame_17: -2.819078,1.026060,2.000000
frame_18: -2.954423,0.520945,2.000000
frame_19: -3.000000,0.000000,2.000000
frame_20: -2.954423,-0.520945,2.000000
frame_21: -2.819078,-1.026060,2.000000
frame_22: -2.598076,-1.500000,2.000000
frame_23: -2.298133,-1.928363,2.000000
frame_24: -1.928363,-2.298133,2.000000
frame_25: -1.500000,-2.598076,2.000000
frame_26: -1.026060,-2.819078,2.000000
frame_27: -0.520945,-2.954423,2.000000
frame_28: -0.000000,-3.000000,2.000000
frame_29: 0.520945,-2.954423,2.000000
frame_30: 1.026060,-2.819078,2.000000
frame_31: 1.500000,-2.598076,2.000000
frame_32: 1.928363,-2.298133,2.000000
frame_33: 2.298133,-1.928363,2.000000
frame_34: 2.598076,-1.500000,2.000000
frame_35: 2.819078,-1.026060,2.000000
frame_36: 2.954423,-0.520945,2.000000
