frame_1: 2.000000,1.200000,0.000000
frame_2: 1.969616,1.200000,0.347296
frame_3: 1.879385,1.200000,0.684040
frame_4: 1.732051,1.200000,1.000000
frame_5: 1.532089,1.200000,1.285575
frame_6: 1.285575,1.200000,1.532089
frame_7: 1.000000,1.200000,1.732051
frame_8: 0.684040,1.200000,1.879385
frame_9: 0.347296,1.200000,1.969616
frame_10: 0.000000,1.200000,2.000000
frame_11: -0.347296,1.200000,1.969616
frame_12: -0.684040,1.200000,1.879385
frame_13: -1.000000,1.200000,1.732051
frame_14: -1.285575,1.200000,1.532089
frame_15: -1.532089,1.200000,1.285575
frame_16: -1.732051,1.200000,1.000000
frame_17: -1.879385,1.200000,0.684040
frame_18: -1.969616,1.200000,0.347296
frame_19: -2.000000,1.200000,0.000000
frame_20: -1.969616,1.200000,-0.347296
frame_21: -1.879385,1.200000,-0.684040
frame_22: -1.732051,1.200000,-1.000000
frame_23: -1.532089,1.200000,-1.285575
frame_24: -1.285575,1.200000,-1.532089
frame_25: -1.000000,1.200000,-1.732051
frame_26: -0.684040,1.200000,-1.879385
frame_27: -0.347296,1.200000,-1.969616
frame_28: -0.000000,1.200000,-2.000000
frame_29: 0.347296,1.200000,-1.969616
frame_30: 0.684040,1.200000,-1.879385
frame_31: 1.000000,1.200000,-1.732051
frame_32: 1.285575,1.200000,-1.532089
frame_33: 1.532089,1.200000,-1.285575
frame_34: 1.732051,1.200000,-1.000000
frame_35: 1.879385,1.200000,-0.684040
frame_36: 1.969616,1.200000,-0.347296
